number of tests = 42
unitest0: 0.249999046325684 
unitest1: 0.260033965110779 
unitest2: 0.302632093429565 
unitest3: 0.322970032691956 
unitest4: 0.252830028533936 
unitest5: 0.245676040649414 
unitest6: 0.334725975990295 
unitest7: 0.322484970092773 
unitest8: 2.95246398448944 
unitest9: 0.144357085227966 
unitest10: 0.197522044181824 
unitest11: 0.145992994308472 
unitest12: 0.162896037101746 
unitest13: 0.191371083259583 
unitest14: 0.417435050010681 
unitest15: 0.328374981880188 
unitest16: 0.282917022705078 
unitest17: 0.191674113273621 
unitest18: 0.385504961013794 
unitest19: 0.342692971229553 
unitest20: 0.307206034660339 
unitest21: 0.33235502243042 
unitest22: 0.285148978233337 
unitest23: 0.327530980110168 
unitest24: 0.255223989486694 
unitest25: 0.266877055168152 
unitest26: 0.163702964782715 
unitest27: 0.147865056991577 
unitest28: 0.19900906085968 
unitest29: 0.517019033432007 
unitest30: 0.447224974632263 
unitest31: 0.418194055557251 
unitest32: 0.176169037818909 
unitest33: 0.173158049583435 
unitest34: 0.371191024780273 
unitest35: 0.3474200963974 
unitest36: 0.316148996353149 
unitest37: 0.274781942367554 
unitest38: 0.310809016227722 
unitest39: 0.349123001098633 
unitest40: 0.345025062561035 
unitest41: 0.296023964881897 
